
86
23
120
169
-19
-47
2
59
47
43
168
78
82
-41
2
77
147
49
-1
142
136
166
-21
38
-22
37
4
-40
177
139
55
13
-21
140
117
106
23
183
92
-5
-13
-11
49
189
144
186
146
32
-22
57
12
37
-13
-27
56
-1
-25
-14
-25
-16
104
177
2
-15
144
-32
135
145
128
23
78
122
-35
159
114
100
36
84
118
85
27
159
22
186
175
29
150
129
138
-29
7
-9
41
144
161
116
126
197
173
123
50
154
-23
26
30
106
-28
-30
134
0
-37
41
143
121
198
-2
0
-36
68
195
41
63
11
-20
100
43
183
143
162
-23
168
145
-33
80
-21
-38
81
3
167
135
64
116
134
14
160
139
113
26
85
117
187
-22
68
154
87
46
178
-2
99
-34
13
43
-40
50
-27
159
130
83
-27
-42
9
177
156
0
-43
114
-4
81
73
176
-16
63
-40
119
22
-30
172
190
28
51
-31
136
82
81
191
1
55
-36
13
162
82
-24
190
-49
43
35
32
0
69
166
88
21
169
176
88
164
20
-31
80
149
-46
160
83
177
-11
156
7
152
107
130
114
38
49
-34
34
-32
134
-12
-33
102
43
-24
68
-28
87
122
-14
37
86
186
-25
71
86
113
27
16
58
131
183
82
49
141
-24
18
103
88
169
75
55
92
135
141
-11
129
14
130
182
149
-25
61
-18
14
135
23
89
82
72
78
134
53
160
-20
98
198
69
168
145
-29
184
7
99
186
10
166
177
-8
-47
74
34
124
152
161
-38
75
67
109
114
32
-40
187
3
195
32
43
25
24
139
153
43
143
159
165
150
138
-12
39
11
49
0
45
-30
93
-1
39
154
147
106
71
-9
-37
176
98
164
85
113
176
166
145
-7
79
-41
148
20
12
-34
159
-46
11
166
116
-39
-24
194
27
91
-37
85
61
135
128
-20
97
108
195
51
28
164
151
46
-35
7
-28
151
147
165
-5
3
86
197
51
6
156
43
94
130
-29
89
-41
76
153
113
29
69
164
16
191
61
195
82
51
-47
186
4
27
60
32
72
17
0
195
82
-31
-24
43
22
118
-45
174
79
180
-7
33
183
132
66
181
167
134
107
-19
0
166
19
-31
108
159
139
106
48
117
164
161
174
152
-43
105
22
110
153
62
148
6
-1
-14
58
4
-49
-39
59
46
195
22
160
38
34
101
40
148
85
62
-13
-25
-47
34
80
34
100
58
185
84
13
183
-2
176
-24
140
155
-28
3
-16
-16
44
50
36
162
112
166
92
31
-12
19
195
106
178
104
-47
84
0
105
7
156
159
61
3
132
130
92
186
122
127
41
36
61
178
-18
0
6
162
-6
78
91
49
14
22
154
170
-33
82
-28
110
174
140
72
191
108
195
147
53
48
118
156
144
-46
110
149
101
111
-40
13
32
195
81
185
20
4
112
147
-22
199
19
128
-3
27
-8
156
20
-37
19
150
-12
9
12
162
184
88
-19
60
191
-6
163
153
6
17
63
163
164
-41
126
-38
-1
131
-11
120
198
152
37
77
8
21
11
148
98
80
78
68
-30
117
78
31
74
197
95
96
76
16
125
15
130
60
-38
71
158
-16
183
165
-28
4
102
-20
169
48
99
-1
104
20
83
-14
28
93
-24
160
35
25
-32
51
64
-16
31
146
122
53
179
-44
17
110
151
-24
91
-25
70
48
136
90
26
192
198
86
137
47
11
45
146
-38
4
157
104
-13
191
-19
148
57
167
-42
147
166
74
-32
71
184
-24
1
44
144
-7
86
119
52
18
192
116
120
109
-14
-29
68
9
25
10
-15
125
119
127
39
-14
23
98
97
-29
192
65
176
192
45
81
-3
146
186
22
-2
0
180
-36
166
86
2
173
78
107
24
-1
13
107
100
-22
177
69
144
84
159
78
173
36
-48
164
45
23
15
110
49
0
192
53
186
174
46
188
54
-6
0
166
97
32
173
95
58
150
3
32
106
118
178
7
185
164
128
-44
130
91
161
-44
-45
122
139
97
0
192
92
164
189
150
-35
33
-31
111
42
-47
88
142
59
-42
198
94
44
26
118
-35
-1
121
127
-18
-4
-40
42
167
112
30
31
37
172
141
154
146
-3
-17
-3
19
8
138
37
-5
-23
21
-3
163
136
183
-36
10
56
7
170
55
115
192
86
93
186
139
85
46
35
-11
77
144
27
-48
-21
-12
121
-23
-34
61
19
86
82
34
182
-49
184
57
120
170
159
-3
99
-37
84
154
123
148
105
195
140
159
76
186
183
-2
68
140
99
-2
-14
60
1
142
76
-17
46
76
1
79
36
-25
0
185
54
127
115
114
83
-17
-2
198
46
77
140
89
149
62
-11
29
187
147
197
182
-2
95
-8
110
-38
187
90
22
140
76
59
-26
179
25
149
-27
67
179
53
145
-4
11
93
12
118
-7
125
93
182
113
7
42
67
-26
68
162
105
52
120
172
171
-40
139
161
197
162
2
-21
33
6
193
89
56
146
-46
161
149
65
31
-4
-27
21
-25
-1
60
134
149
66
25
106
95
176
179
87
195
71
14
55
62
58
-42
186
100
163
-9
-8
12
-3
162
94
41
58
128
193
134
45
195
123
50
61
-39
13
-33
26
83
122
46
30
158
68
122
95
115
180
194
-29
173
193
186
135
144
121
134
-23
7
101
181
56
175
-42
-49
-17
-11
-41
32
46
-11
62
-5
39
122
129
171
122
164
54
-1
148
190
-37
158
26
64
36
125
-46
121
191
67
-25
108
-48
116
-34
59
37
-3
105
27
189
152
164
155
79
53
-43
32
23
-37
131
-18
48
6
83
152
181
75
116
100
156
170
28
59
144
13
-45
98
-13
183
193
128
-48
195
77
-13
-13
27
-37
197
68
-23
93
-4
-48
42
66
144
130
112
192
4
-47
54
47
151
-30
-31
135
5
117
119
189
134
142
189
122
107
109
15
157
135
122
-34
168
-19
13
64
174
187
36
80
188
-10
60
146
-8
63
67
189
-29
-45
45
-24
-7
67
188
47
133
112
76
93
137
154
-26
-3
48
174
189
69
85
-22
3
185
52
165
45
68
171
-30
22
148
77
28
115
59
198
-38
69
-12
35
-20
116
-21
160
-49
46
196
162
-30
83
131
70
53
100
162
-7
-14
149
184
-38
193
75
156
96
177
0
-23
-37
149
61
78
-21
71
-46
78
59
189
189
21
71
15
150
101
-10
61
99
-41
54
194
146
90
-5
114
10
86
44
94
89
197
148
91
52
96
127
29
40
92
-49
-34
8
125
-30
154
100
83
126
105
86
-40
148
168
41
93
-19
32
85
164
17
60
66
-10
109
28
52
118
10
163
-21
-22
119
127
1
100
63
41
168
152
198
-14
30
103
135
35
91
182
50
117
94
89
70
113
-9
135
81
189
-19
-14
1
106
-19
192
195
45
75
113
14
82
59
182
93
147
58
27
181
142
195
44
-14
154
90
-11
38
-34
57
98
134
24
172
114
10
166
-6
50
-44
-27
33
146
30
6
113
125
183
74
12
-38
71
86
28
55
127
172
83
53
181
57
28
138
198
65
68
161
13
-38
73
40
117
178
170
188
-21
86
170
-40
10
2
-30
-40
58
165
13
63
-5
124
149
-16
9
-43
9
52
179
74
-30
82
49
37
48
12
58
29
0
128
91
181
24
194
128
162
191
141
123
95
138
118
0

